XXXXXX KQJ 7654321

Simple single-card-placements + captures
000000 000 0000001
000000 000 0000010
000000 000 0000100
000000 000 0001000
000000 000 0010000
000000 000 0100000
000000 000 1000000
000000 001 0000000
000000 010 0000000
000000 100 0000000

Additions
000000 000 0000111  A+2   = 3
000000 000 0001101  A+3   = 4
000000 000 0011001  A+4   = 5
000000 000 0010110  2+3   = 5
000000 000 0110001  A+5   = 6
000000 000 0101010  4+2   = 6
000000 000 0000000  A+2+3 = 6
000000 000 1100001  A+6   = 7
000000 000 1010010  2+5   = 7
000000 000 0000000  3+4   = 7
000000 000 1001011  A+2+4 = 7

Total, 21 checks.